7.000000000000000000e+01 1.030000000000000071e+01
6.500000000000000000e+01 1.030000000000000071e+01
6.300000000000000000e+01 1.019999999999999929e+01
7.200000000000000000e+01 1.639999999999999858e+01
8.100000000000000000e+01 1.880000000000000071e+01
8.300000000000000000e+01 1.969999999999999929e+01
6.600000000000000000e+01 1.559999999999999964e+01
7.500000000000000000e+01 1.819999999999999929e+01
8.000000000000000000e+01 2.260000000000000142e+01
7.500000000000000000e+01 1.989999999999999858e+01
7.900000000000000000e+01 2.419999999999999929e+01
7.600000000000000000e+01 2.100000000000000000e+01
7.600000000000000000e+01 2.139999999999999858e+01
6.900000000000000000e+01 2.130000000000000071e+01
7.500000000000000000e+01 1.910000000000000142e+01
7.400000000000000000e+01 2.219999999999999929e+01
8.500000000000000000e+01 3.379999999999999716e+01
8.600000000000000000e+01 2.739999999999999858e+01
7.100000000000000000e+01 2.569999999999999929e+01
6.400000000000000000e+01 2.489999999999999858e+01
7.800000000000000000e+01 3.450000000000000000e+01
8.000000000000000000e+01 3.169999999999999929e+01
7.400000000000000000e+01 3.629999999999999716e+01
7.200000000000000000e+01 3.829999999999999716e+01
7.700000000000000000e+01 4.260000000000000142e+01
8.100000000000000000e+01 5.539999999999999858e+01
8.200000000000000000e+01 5.570000000000000284e+01
8.000000000000000000e+01 5.829999999999999716e+01
8.000000000000000000e+01 5.150000000000000000e+01
8.000000000000000000e+01 5.100000000000000000e+01
8.700000000000000000e+01 7.700000000000000000e+01
