1.150600000000000000e+04
5.500000000000000000e+03
1.698800000000000000e+04
2.968000000000000000e+03
1.600000000000000000e+01
1.840000000000000000e+02
2.300000000000000000e+01
2.800000000000000000e+02
8.400000000000000000e+01
7.300000000000000000e+01
2.500000000000000000e+01
4.300000000000000000e+01
2.100000000000000000e+01
8.200000000000000000e+01
3.745000000000000000e+03
8.400000000000000000e+02
1.300000000000000000e+01
3.000000000000000000e+01
3.000000000000000000e+01
8.900000000000000000e+01
4.000000000000000000e+01
3.300000000000000000e+01
4.900000000000000000e+01
1.400000000000000000e+01
4.200000000000000000e+01
2.270000000000000000e+02
1.600000000000000000e+01
3.600000000000000000e+01
2.900000000000000000e+01
1.500000000000000000e+01
3.060000000000000000e+02
4.400000000000000000e+01
5.800000000000000000e+01
4.300000000000000000e+01
9.390000000000000000e+03
3.200000000000000000e+01
1.300000000000000000e+01
2.900000000000000000e+01
6.795000000000000000e+03
1.600000000000000000e+01
1.500000000000000000e+01
1.830000000000000000e+02
1.400000000000000000e+01
2.600000000000000000e+01
1.900000000000000000e+01
1.300000000000000000e+01
1.200000000000000000e+01
8.200000000000000000e+01
