0.8 09042022 0246 33.586 116.802 7.57
0.9 09042022 0223 38.820 122.767 2.02
1.1 09042022 0212 33.719 116.844 15.28
1.1 09042022 0211 38.820 122.788 7.27
0.4 09042022 0104 38.818 122.764 1.43
0.9 09042022 0050 32.928 116.225 9.18
0.6 09042022 0025 35.943 117.668 5.86
1.1 09042022 0011 37.115 115.328 2.8
2 09042022 0009 36.697 121.358 1.38
0.3 08042022 2348 38.749 122.741 1.87
1.1 08042022 2319 35.724 117.546 8.09
1.2 08042022 2259 38.815 122.820 2.81
0.8 08042022 2250 33.508 116.566 11.3
0.6 08042022 2249 36.784 115.932 10.9
0.8 08042022 2236 38.811 122.777 1.05
0.9 08042022 2226 38.832 122.810 2.41
0.8 08042022 2211 38.832 122.816 1.66
1.4 08042022 2159 37.172 115.186 8.1
1.5 08042022 2150 36.013 120.577 3.54
1.6 08042022 1955 32.703 115.502 15.19
0.5 08042022 1951 35.693 117.487 4.42
1.4 08042022 1945 38.007 117.915 0.9
2.4 08042022 1941 32.762 115.416 9.42
2.3 08042022 1933 35.041 116.973 1.87
1.3 08042022 1924 37.651 121.818 12.84
2 08042022 1904 37.118 115.304 9.8
0.9 08042022 1744 38.826 122.856 2.42
1.3 08042022 1734 38.178 117.933 6.9
1.3 08042022 1715 32.901 115.515 9.24
1.1 08042022 1708 38.794 122.749 2.08
2.3 08042022 1657 39.731 123.513 12.33
0.4 08042022 1633 38.822 122.853 2.57
0.7 08042022 1559 35.633 117.466 5.63
1.4 08042022 1526 36.542 121.123 3.18
0.5 08042022 1520 36.786 115.939 11.1
0.8 08042022 1519 33.876 117.502 -0.46
0.8 08042022 1502 38.815 122.820 2.87
0.8 08042022 1450 35.632 117.469 5.9
1.4 08042022 1426 34.873 119.219 10.71
0.4 08042022 1418 35.624 117.473 6.57
0.4 08042022 1417 38.787 122.766 2.61
0.9 08042022 1417 38.787 122.767 2.9
1.5 08042022 1415 33.386 116.412 12.43
1.5 08042022 1412 38.169 117.881 8.8
1 08042022 1408 35.625 117.468 6.95
1.6 08042022 1303 36.590 121.191 6.68
1.1 08042022 1301 37.100 115.408 23.9
1.6 08042022 1240 37.116 115.317 0
0.6 08042022 1236 35.900 117.687 7.03
1 08042022 1233 38.826 122.802 1.87
0.9 08042022 1209 35.900 117.694 3.94
1.7 08042022 1207 40.495 122.019 14.12
1.2 08042022 1205 38.166 117.821 8.4
1.3 08042022 1202 37.103 115.382 20.8
1.4 08042022 1146 35.059 118.334 -1.01
1.6 08042022 1144 32.963 115.870 9.22
0.7 08042022 1139 35.797 120.350 9.59
0.2 08042022 1109 36.086 117.617 8.07
2.8 08042022 1104 35.798 120.347 10.26
1.2 08042022 1102 37.118 115.395 20.6
1.3 08042022 1054 38.167 117.824 10.1
0.8 08042022 1045 35.775 117.582 7.84
1.2 08042022 1035 38.172 117.885 11.4
-0.2 08042022 1023 38.785 122.773 0.95
0.8 08042022 1023 38.785 122.775 -0.18
1.2 08042022 1019 33.819 117.486 2.68
0.4 08042022 1017 38.843 122.826 1.92
2 08042022 1002 36.678 121.303 3.83
0.3 08042022 0929 38.834 122.811 2.42
1.4 08042022 0915 34.873 119.213 10.66
0.4 08042022 0845 33.487 116.557 8.16
0.4 08042022 0845 33.410 116.400 11.42
1.6 08042022 0836 33.505 116.501 14.13
0.3 08042022 0822 38.753 122.710 1.39
0.6 08042022 0801 33.550 116.678 7.7
1.5 08042022 0726 37.102 115.312 0
1.4 08042022 0714 38.178 117.903 9.5
0.8 08042022 0713 37.580 118.865 3.46
0.5 08042022 0705 38.816 122.807 1.58
1 08042022 0655 37.504 118.862 5.69
0.9 08042022 0645 33.257 116.123 11.49
1.8 08042022 0642 32.465 115.533 13.91
0.9 08042022 0641 38.171 117.900 10.5
1.6 08042022 0615 35.666 117.482 6.58
1.2 08042022 0610 37.121 115.375 23
1.7 08042022 0602 37.124 115.314 0
0.4 08042022 0600 38.831 122.810 2.12
0.5 08042022 0543 36.006 117.803 1.08
1.3 08042022 0533 37.080 115.328 0
2.5 08042022 0518 37.102 115.324 5
0.6 08042022 0515 38.832 122.818 2.73
0.7 08042022 0514 36.089 117.886 1.65
0.7 08042022 0508 38.823 122.795 2.18
1.5 08042022 0508 33.504 116.450 6.14
0.7 08042022 0457 33.036 116.424 10.63
0.5 08042022 0451 38.836 122.797 1.94
0.4 08042022 0436 38.803 122.819 3.3
-0.1 08042022 0433 36.698 116.283 3.8
1 08042022 0425 33.361 116.330 11.25
1.5 08042022 0420 38.840 122.837 1.79
1.1 08042022 0418 38.661 119.661 8.7
0.9 08042022 0352 38.161 117.987 6.2
2 08042022 0345 37.097 115.300 0
1 08042022 0334 35.319 118.545 3.68
0.8 08042022 0323 33.892 116.667 14.89
1.1 08042022 0313 38.186 117.868 7.8
1.2 08042022 0309 38.818 122.817 2.3
1.6 08042022 0301 37.090 115.297 0
1.8 08042022 0244 35.316 118.541 3.08
1.2 08042022 0241 35.315 118.545 4.23
3.3 08042022 0235 35.313 118.536 3.29
0.8 08042022 0233 34.304 116.831 8.03
2.2 08042022 0230 37.377 120.013 27.01
0.9 08042022 0213 38.832 122.818 1.71
1.6 08042022 0158 34.307 117.008 7.52
0.9 08042022 0150 38.825 122.767 2.03
0.2 08042022 0129 37.535 118.882 3.89
1 08042022 0113 37.410 118.606 4.45
1.1 08042022 0109 37.406 118.605 8.2
0.4 08042022 0055 35.899 117.707 2.83
1.4 08042022 0049 35.663 117.564 7.08
0.8 08042022 0047 35.615 117.479 8.42
1.6 08042022 0046 36.552 121.146 6.89
0.8 08042022 0044 39.591 120.002 7.3
1.1 08042022 0037 38.142 117.985 10.9
1.6 08042022 0034 38.148 117.982 10.5
-0.2 08042022 0009 36.740 116.288 8.2
0.7 07042022 2333 38.776 122.877 2.21
1.2 07042022 2328 33.192 116.000 7.94
2.4 07042022 2320 36.620 119.248 23.71
0.5 07042022 2300 37.533 118.820 4.8
0.2 07042022 2243 37.541 118.880 5.36
0.7 07042022 2214 38.812 122.740 2.12
1.5 07042022 2209 36.487 120.898 17.37
0.1 07042022 2149 38.785 122.744 1.75
0.2 07042022 2149 38.771 122.752 4.54
0.3 07042022 2148 38.803 122.779 2.62
1.9 07042022 2147 40.324 122.094 14.34
0.7 07042022 2135 37.609 118.749 2.73
1.3 07042022 2133 39.571 119.072 7.1
2.1 07042022 2122 36.665 121.165 11.36
2.3 07042022 2108 38.023 118.737 6.88
0.9 07042022 2051 35.611 117.466 10.11
0.1 07042022 2048 37.642 119.043 0.01
0.4 07042022 2038 38.811 122.823 2.05
0.6 07042022 2026 36.022 117.804 1.59
0.7 07042022 2017 38.781 122.716 1.96
1.7 07042022 2007 38.161 117.946 10.4
0.1 07042022 1958 36.024 117.803 0.95
0.3 07042022 1957 36.021 117.803 1.47
1.1 07042022 1951 38.161 117.898 11.2
0.9 07042022 1903 38.842 122.775 0.78
0.8 07042022 1840 37.545 121.667 6.79
0.5 07042022 1835 33.501 116.692 10.41
0.2 07042022 1835 35.687 117.504 8.78
0.9 07042022 1826 33.532 116.557 14.43
2.3 07042022 1807 36.082 117.867 1.69
0.9 07042022 1759 38.833 122.819 1.63
1.4 07042022 1758 34.322 116.837 4.68
1.3 07042022 1744 38.798 122.749 2.02
0.3 07042022 1656 38.792 122.762 1.08
1.3 07042022 1631 35.706 117.505 6.24
2 07042022 1625 35.587 117.595 4.53
1.7 07042022 1606 37.530 119.378 21.64
0.4 07042022 1604 38.804 122.820 3.25
1.4 07042022 1551 38.835 122.788 2.36
1.5 07042022 1540 38.189 117.862 9.8
0.5 07042022 1536 38.780 122.767 1.04
0.2 07042022 1521 38.789 122.768 1.39
1.8 07042022 1517 33.066 115.005 -0.2
0.4 07042022 1517 38.809 122.823 2.61
0.4 07042022 1450 38.835 122.812 1.8
2.2 07042022 1447 41.602 120.259 4.41
0.5 07042022 1407 36.605 115.901 0
0.9 07042022 1359 33.373 116.864 5.84
1.6 07042022 1323 37.490 118.806 6.27
0.3 07042022 1323 38.811 122.802 2.11
1.8 07042022 1311 34.063 117.274 12.37
0.7 07042022 1310 38.811 122.772 1.68
1.1 07042022 1300 32.826 117.061 -0.17
1.1 07042022 1258 36.555 121.129 8.59
1.5 07042022 1256 33.907 117.516 15.07
1.1 07042022 1226 32.926 116.230 9.64
1.3 07042022 1222 36.079 117.866 2.06
0.9 07042022 1219 38.837 122.811 1.88
0.9 07042022 1210 38.118 118.945 14.2
1.1 07042022 1203 33.555 117.488 -0.49
1.6 07042022 1145 37.530 119.371 22.7
1.2 07042022 1124 33.586 116.807 7.8
0.6 07042022 1118 35.942 117.670 5.76
0.3 07042022 1116 38.831 122.803 1.85
0.7 07042022 1103 33.587 116.807 8.01
0.1 07042022 1057 38.800 122.749 2.11
1.7 07042022 1057 39.620 123.374 8.66
0.3 07042022 1024 38.837 122.803 1.68
0.8 07042022 1020 38.821 122.804 3.06
1.4 07042022 1011 38.836 122.799 1.89
0 07042022 1001 39.233 120.084 7.1
1.2 07042022 0944 35.675 117.538 7.18
1.1 07042022 0928 38.532 119.515 6.1
0.9 07042022 0928 38.838 122.826 1.81
0.8 07042022 0907 37.532 118.877 7.38
0.7 07042022 0906 38.172 117.865 6.8
0.9 07042022 0900 38.840 122.811 2.38
2.1 07042022 0851 33.995 118.351 10.45
0.3 07042022 0850 38.777 122.765 -0.88
2.2 07042022 0824 37.391 118.412 9.63
0.4 07042022 0822 35.960 117.711 2.79
0.6 07042022 0812 39.482 119.851 10.4
0.7 07042022 0744 38.759 122.738 1.27
0 07042022 0741 38.232 118.343 7.4
0.5 07042022 0737 37.632 118.936 3.4
1 07042022 0725 35.955 120.511 10.33
1.3 07042022 0717 39.341 123.254 4.73
0.7 07042022 0657 37.317 122.251 -0.32
1.3 07042022 0654 37.347 118.623 15.48
1.7 07042022 0617 38.984 122.407 6.23
1.1 07042022 0607 37.411 118.602 9.89
0.5 07042022 0544 36.838 115.948 6
0.7 07042022 0523 38.880 119.648 0
0.4 07042022 0511 38.790 122.766 0.84
0.4 07042022 0511 38.845 122.817 1.93
0.9 07042022 0509 38.552 119.531 6.4
0.2 07042022 0509 40.159 119.629 6.7
1.3 07042022 0447 38.257 118.358 11.3
1.4 07042022 0440 38.255 118.358 10.3
1.1 07042022 0426 38.876 119.006 10.2
1.2 07042022 0425 37.432 121.772 8.02
0 07042022 0425 38.532 119.575 4.6
0.9 07042022 0411 38.833 122.816 1.84
1.4 07042022 0407 32.235 116.585 14.84
1.3 07042022 0352 38.832 122.817 1.76
1.3 07042022 0348 37.657 121.812 14.25
0.4 07042022 0334 38.828 122.807 2.12
0.9 07042022 0327 38.833 122.790 1.53
0.6 07042022 0320 37.128 117.382 0
0 07042022 0315 38.532 119.589 0
1.1 07042022 0305 33.984 116.970 16.39
-0.3 07042022 0305 39.391 120.169 12.1
1.5 07042022 0248 38.190 117.734 7.3
0.4 07042022 0244 38.822 122.764 1.57
1.3 07042022 0228 34.066 117.279 10.96
0.9 07042022 0226 38.832 122.805 2.04
0.4 07042022 0215 38.835 122.803 1.59
1.1 07042022 0206 38.836 122.808 2.11
1.3 07042022 0203 38.816 122.762 2.08
2.4 07042022 0202 38.815 122.762 1.63
1 07042022 0156 37.133 121.522 8.7
-0.1 07042022 0154 38.234 118.687 12.2
0.4 07042022 0149 38.834 122.816 1.61
0.9 07042022 0122 38.837 122.800 1.94
0.7 07042022 0118 36.006 117.803 0.98
0.1 07042022 0112 40.085 119.635 13
-0.1 07042022 0031 36.809 115.956 6
0 07042022 0024 36.739 116.290 9.2
0.8 07042022 0023 38.806 122.781 2.49
1.3 07042022 0008 33.678 116.761 18.59
0.7 07042022 0008 35.680 117.517 4.88
2.2 06042022 2359 38.507 119.551 -0.14
0.8 06042022 2346 37.385 122.222 9.51
1.2 06042022 2344 38.507 119.531 5.1
0.4 06042022 2341 38.789 122.768 2.87
0.6 06042022 2311 38.207 117.918 3.3
1.4 06042022 2302 37.121 121.141 5.09
0.2 06042022 2301 36.737 116.292 9.3
1.5 06042022 2255 37.145 114.720 8.5
0.5 06042022 2255 38.820 122.773 0
0.1 06042022 2251 37.547 118.814 4.94
0.7 06042022 2236 38.817 122.762 2.08
0.5 06042022 2214 37.470 118.848 5.94
0.9 06042022 2211 38.931 118.770 12.6
0.9 06042022 2204 33.322 116.904 19.71
0.9 06042022 2145 38.813 122.788 1.33
0.8 06042022 2138 38.821 122.785 1.51
2.5 06042022 2135 36.429 117.926 0.96
0.7 06042022 2117 38.157 117.961 9.2
0.7 06042022 2114 34.085 117.475 3.33
0.9 06042022 2100 38.829 122.815 1.75
0.9 06042022 2100 38.829 122.815 1.58
1 06042022 2059 37.074 121.501 6.9
1.7 06042022 2040 35.797 118.045 8.73
0.3 06042022 2024 34.463 117.948 9.5
0.6 06042022 2014 38.824 122.854 1.46
0.6 06042022 1949 36.062 117.860 2.55
0.4 06042022 1941 38.249 118.362 10.4
0.7 06042022 1939 38.821 122.762 1.9
1.4 06042022 1930 33.938 116.982 17.85
0.4 06042022 1927 38.793 122.759 2.81
1 06042022 1927 35.681 117.485 6.86
1 06042022 1919 36.184 117.873 6.23
0.1 06042022 1914 38.264 118.441 0
2 06042022 1912 38.792 122.725 2.09
1.6 06042022 1902 40.702 122.271 19.17
-0.2 06042022 1857 39.232 120.090 7.7
0.8 06042022 1850 38.799 122.751 2.37
2.1 06042022 1847 38.624 119.814 3.08
1.7 06042022 1836 35.827 117.665 8.77
1.4 06042022 1812 37.333 117.895 9.8
2.1 06042022 1755 38.167 117.880 7.7
1.2 06042022 1754 38.825 122.807 2.51
0.4 06042022 1750 38.822 122.787 2.64
1 06042022 1749 38.252 118.358 10.4
1.1 06042022 1727 33.952 116.950 0.12
1.4 06042022 1727 34.304 117.015 4.09
0.8 06042022 1725 36.969 121.608 3.24
1.7 06042022 1725 41.610 122.425 16.96
0.3 06042022 1712 38.833 122.799 1.46
0.6 06042022 1703 38.306 119.438 14.3
1 06042022 1645 38.835 122.805 1.87
1.2 06042022 1637 38.818 122.809 3.01
2.9 06042022 1629 37.579 118.866 3.42
0.9 06042022 1555 34.103 117.577 10.79
0 06042022 1538 35.931 117.661 3.68
0.4 06042022 1528 38.821 122.787 1.08
1.1 06042022 1523 35.944 117.329 5.58
1.2 06042022 1519 33.867 117.499 -0.48
0.4 06042022 1517 38.835 122.792 1.47
1.8 06042022 1510 35.825 117.645 8.31
0.5 06042022 1506 38.841 122.758 0.57
1.3 06042022 1505 33.779 116.156 4.95
1.4 06042022 1443 36.099 117.859 2.17
0.8 06042022 1439 33.484 116.427 13.75
0.9 06042022 1439 33.480 116.431 13.23
0.8 06042022 1435 33.337 116.928 16.39
1.1 06042022 1430 40.011 120.954 11.1
1.8 06042022 1422 33.780 116.155 5.08
0.5 06042022 1417 36.056 117.912 3.99
1 06042022 1403 33.777 116.161 4.78
1.2 06042022 1342 33.782 116.154 5.8
1.2 06042022 1340 36.576 121.427 -0.43
2 06042022 1331 38.786 122.766 2.43
1.6 06042022 1322 33.781 116.159 4.88
0.2 06042022 1319 38.822 122.766 1.97
0.6 06042022 1314 37.489 118.843 5
1.2 06042022 1252 36.012 117.804 1.43
2.4 06042022 1252 33.782 116.156 4.92
1.4 06042022 1243 33.780 116.156 5.26
1.2 06042022 1234 33.697 116.804 16.82
1.1 06042022 1230 33.583 116.807 8.2
1.1 06042022 1215 33.779 116.154 5.42
0.7 06042022 1212 36.008 120.954 9.9
1.2 06042022 1210 33.775 116.158 4.19
0.8 06042022 1152 35.995 120.553 3.31
1.3 06042022 1144 38.132 118.004 10.3
0.6 06042022 1143 38.282 118.555 0
0.4 06042022 1142 38.828 122.854 1.84
1.5 06042022 1111 36.894 121.620 -0.12
2.1 06042022 1107 33.065 115.002 -0.2
0.5 06042022 1047 37.609 122.484 7.54
1.2 06042022 1034 38.149 118.092 7.8
0.2 06042022 1030 38.827 122.801 3.21
0.5 06042022 1028 33.438 116.791 22.06
1 06042022 1010 38.788 122.770 2.06
0.9 06042022 0922 38.829 122.803 1.81
1.3 06042022 0910 35.892 117.730 3.88
0.9 06042022 0853 38.816 122.822 1.12
0.6 06042022 0841 35.964 120.511 9.11
1.7 06042022 0836 35.735 117.538 5.5
0.8 06042022 0836 38.820 122.804 3.55
1 06042022 0835 38.142 117.989 9.6
0.4 06042022 0831 38.839 122.809 2.1
0.5 06042022 0802 33.570 116.569 18.02
0.9 06042022 0753 38.788 119.611 9.3
0.8 06042022 0753 38.824 122.785 0.8
1.9 06042022 0743 39.666 122.858 2.39
1.2 06042022 0711 38.832 122.818 1.79
1.7 06042022 0657 37.583 117.939 1.3
0.6 06042022 0657 35.671 117.482 4.89
1.3 06042022 0635 38.183 117.799 7.8
0.7 06042022 0628 38.810 122.823 2.18
0.9 06042022 0615 37.181 116.230 2.7
0.4 06042022 0600 36.606 115.879 11
0.7 06042022 0550 35.920 117.780 9.34
0.9 06042022 0543 37.368 121.724 8.85
1.1 06042022 0533 38.844 122.816 0.69
0.6 06042022 0513 39.408 119.823 9.9
0.1 06042022 0511 39.417 119.821 8.8
1.2 06042022 0427 33.994 116.976 17.65
1.3 06042022 0426 38.133 117.996 10.2
1.6 06042022 0421 39.344 123.730 3.3
0.8 06042022 0417 38.843 122.825 1.89
1.1 06042022 0345 32.652 115.736 7.54
0.3 06042022 0336 38.818 122.796 2.02
0.1 06042022 0332 38.777 122.722 1.48
0.8 06042022 0318 38.840 122.811 1.95
1.3 06042022 0254 35.158 118.680 10.62
1.1 06042022 0249 36.962 121.620 5.06
0.1 06042022 0204 39.136 119.710 8.4
1.1 06042022 0159 38.815 122.825 2.15
1.1 06042022 0149 36.239 120.802 6.1
0.4 06042022 0147 38.823 122.753 2.04
2 06042022 0138 32.322 115.381 0.04
0.6 06042022 0118 38.838 122.800 1.79
0.4 06042022 0118 38.815 122.828 1.09
0.7 06042022 0105 33.585 116.807 8.11
1.6 06042022 0104 37.365 118.370 7.94
0.6 06042022 0059 35.971 117.706 3.49
0.9 06042022 0040 40.149 119.403 12.6
0.1 06042022 0038 37.615 118.870 9.21
0.9 06042022 0010 38.790 122.763 1.8
1.3 06042022 0009 38.789 122.761 1.67
0.5 05042022 2355 35.910 117.744 8.82
0.2 05042022 2242 38.779 122.767 2.05
0.4 05042022 2232 33.438 116.616 6.11
1.4 05042022 2226 38.425 118.730 4.3
-0.1 05042022 2225 38.755 122.716 1.87
2 05042022 2224 38.758 122.719 1.83
1.3 05042022 2220 39.709 121.075 0
0.4 05042022 2141 38.843 122.789 0.53
1 05042022 2135 34.014 117.074 17.1
1.6 05042022 2123 36.250 120.355 8.61
0.6 05042022 2051 39.741 120.667 10.3
1.2 05042022 2045 35.980 117.673 1.8
0.6 05042022 2040 39.166 119.561 9.7
1 05042022 2024 38.169 117.891 6.4
1.3 05042022 2011 33.467 116.515 13.03
0.8 05042022 2007 38.812 122.787 1.88
2.1 05042022 2005 35.799 118.046 8.75
1 05042022 2005 35.801 118.049 8.95
1.6 05042022 1953 38.173 117.891 9
0 05042022 1919 38.830 122.792 1.76
1.6 05042022 1914 38.167 117.820 10.3
1.9 05042022 1739 36.459 117.945 10.5
0.9 05042022 1713 32.699 115.944 12.86
1.2 05042022 1659 38.835 122.745 0.66
0.3 05042022 1640 38.814 122.818 2.8
2 05042022 1631 40.142 123.823 22.9
1.1 05042022 1626 35.736 117.543 3.27
1.5 05042022 1612 35.038 117.676 -0.78
1.2 05042022 1604 38.831 122.802 1.75
1.7 05042022 1543 38.831 122.802 1.83
1.3 05042022 1537 38.776 122.771 1.94
1.6 05042022 1451 38.752 122.727 1.13
-0.1 05042022 1450 38.752 122.727 0.88
0.8 05042022 1447 38.795 122.758 2.56
1.7 05042022 1430 38.147 117.980 10.8
2 05042022 1321 37.072 115.146 0
1.1 05042022 1313 33.868 117.504 -0.53
1.2 05042022 1253 38.843 122.840 2.25
1.2 05042022 1120 33.911 116.787 17.52
1.2 05042022 1108 36.069 117.859 1.8
1.3 05042022 1055 36.070 117.861 1.81
1.1 05042022 0941 36.104 117.895 5.51
0.5 05042022 0938 38.825 122.804 2.7
2.5 05042022 0937 40.348 121.343 7.21
1.1 05042022 0928 35.802 117.624 7.83
1.5 05042022 0917 34.046 117.165 10.56
1.1 05042022 0911 33.968 117.004 5.71
0.7 05042022 0852 33.671 116.771 10.88
0.8 05042022 0845 38.168 118.139 12.8
1.4 05042022 0829 36.073 117.861 1.99
1.6 05042022 0828 36.072 117.858 1.87
1.7 05042022 0822 39.350 118.100 11.4
1.3 05042022 0811 37.407 118.588 12.07
0.7 05042022 0737 33.678 116.767 11.28
0.4 05042022 0723 36.977 117.877 8.1
1.5 05042022 0720 38.711 122.909 8.05
0.3 05042022 0719 33.938 116.700 16.44
1.4 05042022 0712 38.820 122.802 2.77
1 05042022 0708 37.008 121.468 6.61
1 05042022 0701 36.014 120.573 3.79
0.7 05042022 0642 39.233 120.087 7.4
1 05042022 0602 33.877 116.857 14.45
0.7 05042022 0559 33.948 116.704 12.55
1.5 05042022 0532 35.892 117.731 3.79
1.8 05042022 0522 36.803 121.384 5.95
1.5 05042022 0518 38.169 117.888 10.4
0.6 05042022 0510 40.163 119.646 9.5
1.3 05042022 0505 36.182 118.158 6.18
0.7 05042022 0502 36.111 117.838 6.78
0.2 05042022 0441 36.723 116.356 6.4
1.7 05042022 0423 34.439 119.289 6.95
1 05042022 0413 33.487 116.757 7.65
0.7 05042022 0413 33.486 116.756 6.89
0.9 05042022 0400 33.310 116.314 10.75
0.5 05042022 0351 37.602 118.804 3.92
2.4 05042022 0347 33.306 116.319 10.75
1.4 05042022 0325 36.163 118.025 1.68
2.6 05042022 0317 40.318 124.365 27.46
2.4 05042022 0305 40.347 121.346 7.83
0.1 05042022 0247 38.775 122.738 1.14
1.7 05042022 0215 35.485 118.177 3.08
1.1 05042022 0120 36.803 121.388 5.57
0.7 05042022 0109 33.584 116.808 8.84
2.5 05042022 0105 40.138 123.823 22.9
0.8 05042022 0105 34.163 117.399 2.98
0.4 05042022 0105 34.158 117.400 2.33
1 05042022 0044 37.367 121.746 2.89
0.3 04042022 2359 33.672 116.769 11.55
1.1 04042022 2332 38.506 119.533 5.6
2.1 04042022 2330 35.722 117.573 8.35
0.5 04042022 2320 36.593 115.933 0
0 04042022 2314 36.690 116.313 9.1
0.4 04042022 2249 38.826 122.786 1.93
0 04042022 2242 36.758 116.253 5.4
0.9 04042022 2225 34.231 117.450 12.42
0 04042022 2225 36.698 116.319 9.3
1.5 04042022 2218 38.619 118.455 6.9
0.9 04042022 2149 33.683 116.659 18.63
0.9 04042022 2146 37.005 121.460 8.07
-0.2 04042022 2142 36.836 116.194 6.2
0 04042022 2133 37.036 116.359 10
1.2 04042022 2123 38.860 122.814 1.04
0.4 04042022 2102 35.864 117.686 8.25
0.5 04042022 2056 35.865 117.688 7.88
0.5 04042022 2041 38.818 122.763 1.65
1.4 04042022 2040 37.896 118.558 6.85
1.2 04042022 1939 37.394 118.720 16.43
0.1 04042022 1920 36.780 115.931 10
0.9 04042022 1914 34.124 117.429 8.87
1.7 04042022 1902 37.210 118.571 13.93
1.2 04042022 1837 37.173 122.350 11.41
1.1 04042022 1829 37.088 121.822 12.45
0.5 04042022 1802 38.823 122.810 1.28
1.3 04042022 1759 38.825 122.853 2.5
-0.1 04042022 1719 36.845 115.981 9.3
0.8 04042022 1716 38.859 122.835 1.49
0.7 04042022 1709 38.860 122.834 1.4
0.4 04042022 1709 38.861 122.832 1.44
0.7 04042022 1709 38.862 122.837 1.05
1.1 04042022 1709 38.865 122.836 1.55
0.2 04042022 1708 38.824 122.803 2.56
0.8 04042022 1706 38.859 122.836 1.14
1.4 04042022 1706 38.859 122.836 1.36
1.2 04042022 1705 38.858 122.836 1.04
1.4 04042022 1704 38.858 122.836 1.26
1.4 04042022 1703 38.858 122.835 1.11
1.3 04042022 1701 38.770 122.737 1.11
0.7 04042022 1700 38.860 122.836 0.81
0.4 04042022 1642 33.485 116.552 7.8
0.4 04042022 1621 38.840 122.876 2.49
0.1 04042022 1619 38.838 122.879 4.23
1.9 04042022 1440 36.533 113.508 10.5
0.9 04042022 1438 38.827 122.799 1.97
0.8 04042022 1421 33.401 116.891 5.93
2.8 04042022 1416 40.481 124.219 21.43
1.8 04042022 1414 40.338 123.754 20.69
1 04042022 1403 37.299 122.066 5.74
0.9 04042022 1354 38.798 122.751 2.19
1.3 04042022 1346 34.510 118.797 14.81
1 04042022 1327 35.851 117.658 8.2
0.6 04042022 1316 38.818 122.765 2.32
1.2 04042022 1303 38.812 122.816 3.04
-0.1 04042022 1254 35.591 117.353 5.18
1.5 04042022 1252 35.010 119.193 9.84
1.7 04042022 1250 32.907 116.955 -0.17
0.9 04042022 1241 35.671 117.520 6.64
2.1 04042022 1232 35.867 121.450 5.3
0.4 04042022 1209 38.796 122.768 1.27
1 04042022 1201 34.378 120.002 0.82
1.3 04042022 1152 34.994 118.177 -0.82
0.3 04042022 1136 38.805 122.780 1.58
0.9 04042022 1132 38.800 122.751 2.19
0.8 04042022 1107 34.062 118.126 9.42
0.7 04042022 1102 34.066 116.804 12.04
1.2 04042022 1101 34.057 117.264 16.36
0.5 04042022 1059 38.162 118.057 10.2
1.5 04042022 1058 38.788 122.725 1.28
2.5 04042022 1056 34.426 120.006 1.53
2.5 04042022 1049 38.164 118.043 11.6
0.6 04042022 1031 35.916 117.745 7.23
0.7 04042022 1031 35.913 117.740 6.7
2.5 04042022 1025 34.000 119.102 9.32
1.4 04042022 1001 33.820 117.486 2.27
0.6 04042022 0953 38.794 122.757 2.85
1.2 04042022 0951 38.807 122.779 1.98
0.3 04042022 0947 35.890 120.438 9.22
0.9 04042022 0945 38.845 122.774 1.16
0.7 04042022 0915 38.810 122.822 2.4
1.1 04042022 0914 38.134 117.994 11.9
0.9 04042022 0852 33.523 116.533 12.16
0.4 04042022 0852 38.832 122.816 1.17
0.9 04042022 0843 38.812 122.825 2.45
-0.1 04042022 0838 35.832 117.656 10.63
3.8 04042022 0818 40.482 124.219 21.41
4.1 04042022 0816 40.487 124.210 21.4
0.6 04042022 0734 35.862 117.658 11.73
-0.1 04042022 0728 35.711 117.451 2.69
1.2 04042022 0723 38.824 122.763 2.4
0.9 04042022 0715 35.663 117.520 10.2
0.4 04042022 0707 33.529 116.534 13.05
1 04042022 0648 38.187 117.856 12
0.5 04042022 0632 38.816 122.758 1.09
1.8 04042022 0626 37.978 117.911 4.4
1.2 04042022 0624 33.526 116.535 12.3
1.7 04042022 0624 33.524 116.539 12.11
0 04042022 0602 33.547 116.541 12.17
0.3 04042022 0602 33.488 116.551 8.12
0.6 04042022 0543 38.834 122.790 1.81
2.1 04042022 0534 38.932 118.770 12.6
0.9 04042022 0531 38.833 122.801 1.57
1 04042022 0515 34.505 118.158 11.89
2 04042022 0507 34.000 119.096 9.72
0.4 04042022 0457 35.924 117.663 3.06
1.1 04042022 0447 38.154 117.978 10.1
0.8 04042022 0447 36.969 121.618 6.57
1.6 04042022 0432 37.544 121.928 9.71
0.8 04042022 0431 38.832 122.817 1.69
1.4 04042022 0416 32.619 115.762 4.24
1.8 04042022 0411 38.153 117.976 10.5
1.1 04042022 0356 37.401 118.611 -0.37
0.9 04042022 0351 38.841 122.825 2.19
1.4 04042022 0351 33.776 116.106 7.73
2.2 04042022 0329 38.174 117.889 9.5
0.9 04042022 0303 38.846 122.827 1.44
0.4 04042022 0303 38.847 122.829 1.72
1.1 04042022 0259 33.907 117.796 3.43
1.5 04042022 0240 37.987 117.892 4.2
0.3 04042022 0227 38.816 122.758 1.86
1.4 04042022 0151 37.986 117.897 4.9
-0.2 04042022 0148 38.834 122.808 2.36
2 04042022 0141 33.542 115.892 3.71
1.1 04042022 0137 38.511 119.541 4.5
0.8 04042022 0125 33.588 116.807 7.79
0.6 04042022 0123 38.177 117.801 8.4
0.7 04042022 0112 33.436 116.426 8.68
0.7 04042022 0107 35.979 114.868 7.1
0.6 04042022 0106 33.289 116.434 3.49
0.6 04042022 0104 37.561 118.828 4.52
1.8 04042022 0059 33.579 116.808 7.63
0.6 04042022 0050 33.201 116.341 12.51
0.8 04042022 0040 38.822 122.808 3.06
1.3 04042022 0011 38.896 119.649 0.6
0.9 03042022 2358 38.823 122.767 2.21
1.8 03042022 2349 33.957 116.926 16.21
1.1 03042022 2332 38.822 122.767 2.06
1.2 03042022 2316 38.820 122.764 2.37
1.1 03042022 2255 34.309 117.008 7.08
0.7 03042022 2229 35.742 117.573 3.06
0.9 03042022 2207 34.305 118.433 9.72
0.2 03042022 2141 38.815 122.823 3.1
1.5 03042022 2135 34.510 116.516 6.43
0.8 03042022 2135 35.761 117.577 6.1
0.4 03042022 2127 38.793 122.747 2.59
0.9 03042022 2111 34.009 117.179 16.01
0.5 03042022 2105 38.809 122.829 1.36
0.8 03042022 2021 38.781 122.733 1.84
1.3 03042022 2021 38.168 117.821 9.1
0.9 03042022 2016 38.819 122.764 1.43
0.4 03042022 2011 38.824 122.796 2.85
0.5 03042022 2004 38.835 122.795 2.66
1 03042022 1954 34.025 117.159 9.78
0.4 03042022 1942 38.835 122.751 0.94
2.7 03042022 1942 36.642 121.266 10.35
1 03042022 1932 34.036 117.258 15.82
1.8 03042022 1925 34.148 116.725 0.43
1.1 03042022 1908 38.788 122.761 1.48
0.5 03042022 1907 33.905 117.807 2.97
0.8 03042022 1904 38.834 122.805 1.89
1.1 03042022 1859 33.486 116.560 8.05
0.5 03042022 1857 33.421 116.454 12.81
1.6 03042022 1848 40.162 119.629 7.9
1.2 03042022 1847 38.833 122.812 1.74
1.1 03042022 1842 38.175 117.821 7.9
1.5 03042022 1841 34.147 116.725 1.28
1.2 03042022 1730 38.834 122.816 1.95
2 03042022 1727 37.993 117.891 4.9
0.1 03042022 1717 38.788 122.746 1.23
-0.1 03042022 1716 36.654 116.273 7.1
0.8 03042022 1708 38.787 122.768 1.82
1.2 03042022 1655 37.272 121.646 5.29
0.9 03042022 1644 38.807 122.821 2.11
0.4 03042022 1640 38.833 122.802 1.5
1.6 03042022 1610 35.049 117.668 -0.78
1.2 03042022 1553 38.789 122.726 1.43
2 03042022 1522 32.384 115.251 12.02
0.4 03042022 1520 38.841 122.825 1.85
0.4 03042022 1442 38.826 122.799 2.18
0.2 03042022 1437 38.789 122.722 1.96
0.4 03042022 1421 38.839 122.812 1.62
0.6 03042022 1417 33.409 116.446 13.38
1.3 03042022 1414 37.606 121.646 4.82
1 03042022 1407 38.836 122.809 1.35
1.6 03042022 1323 37.411 118.592 11.31
0.9 03042022 1312 38.839 122.809 1.77
0.9 03042022 1304 38.840 122.810 2.41
1.8 03042022 1302 33.846 118.359 14.39
0.8 03042022 1259 37.607 121.660 8.26
0.6 03042022 1249 38.836 122.800 1.84
0.2 03042022 1236 38.823 122.788 1.15
0.4 03042022 1228 38.828 122.822 1.47
0.4 03042022 1157 38.817 122.826 2.04
1 03042022 1130 33.907 117.803 3.69
1.4 03042022 1128 39.581 119.083 7.6
0.9 03042022 1127 38.831 122.819 1.31
1.2 03042022 1127 38.831 122.816 1.85
1.4 03042022 1115 38.150 122.461 7.14
0.6 03042022 1114 38.152 117.882 10
1.3 03042022 1027 38.145 117.990 9.8
0.5 03042022 1016 38.798 122.812 2.68
1.8 03042022 1009 36.469 117.965 8.3
1.6 03042022 1000 38.605 121.935 1.99
2.8 03042022 0958 38.168 117.820 9
0.4 03042022 0951 38.839 122.824 1.86
2.4 03042022 0945 33.481 116.568 7.99
0.4 03042022 0943 38.826 122.852 1.92
-0.1 03042022 0927 38.834 122.796 2.11
1.3 03042022 0915 35.678 117.536 6.55
1.4 03042022 0849 35.634 117.574 11.93
1.3 03042022 0840 34.849 118.915 9.91
0.4 03042022 0834 33.519 116.549 12.3
1.1 03042022 0820 34.836 118.974 12.41
1.9 03042022 0813 33.909 117.788 3.54
0.5 03042022 0748 38.800 122.807 1.82
1.7 03042022 0731 38.177 117.971 2.6
0.6 03042022 0718 38.122 118.749 0
0.8 03042022 0708 33.588 116.804 7.91
0.7 03042022 0657 33.441 116.640 5.42
0.5 03042022 0634 33.997 117.143 12.34
1.7 03042022 0610 38.203 117.877 7.4
1.2 03042022 0535 33.840 116.757 16.89
1.1 03042022 0524 33.212 116.757 16.77
2.5 03042022 0453 37.281 118.407 7.02
0.4 03042022 0404 38.839 122.827 1.84
1.5 03042022 0322 34.935 116.703 1.22
1 03042022 0319 38.125 117.998 11.7
0.9 03042022 0306 38.837 122.808 2.16
3.6 03042022 0251 35.038 116.977 2.01
0.4 03042022 0232 38.816 122.824 -0.62
0.7 03042022 0223 38.781 122.733 2.32
1.5 03042022 0210 36.105 117.886 4.45
0.7 03042022 0208 33.384 116.965 6.57
0.8 03042022 0201 36.105 117.884 4.3
1.6 03042022 0200 35.295 118.574 5.08
1.5 03042022 0149 36.107 117.885 4.57
0.1 03042022 0142 38.807 122.822 2.55
1 03042022 0140 34.019 117.173 6.64
1.1 03042022 0124 38.149 117.987 9.7
0.9 03042022 0112 38.838 122.809 2.06
0.8 03042022 0059 38.832 122.817 1.84
0.9 03042022 0059 38.828 122.805 1.64
0.9 03042022 0027 36.105 117.886 4.25
1 03042022 0022 33.495 116.501 14.46
1.2 02042022 2356 38.050 122.903 8.51
0.8 02042022 2336 38.824 122.798 2.83
1.7 02042022 2329 33.585 116.808 8.04
1 02042022 2304 38.815 122.824 1.91
1.1 02042022 2254 38.156 117.978 9.9
1.8 02042022 2251 33.864 116.829 14.61
1 02042022 2251 33.865 116.825 13.47
0.7 02042022 2243 33.181 116.112 11.33
0.9 02042022 2242 35.676 117.471 8.97
1 02042022 2237 38.833 122.816 1.88
0.7 02042022 2226 38.843 122.876 2.35
0.8 02042022 2154 36.040 117.772 3.22
1 02042022 2120 35.946 117.690 3.24
1.1 02042022 2117 35.372 117.825 6.67
-0.3 02042022 2051 39.095 119.588 3.8
0.5 02042022 2024 38.821 122.791 2.23
0.3 02042022 1959 35.616 117.493 11.81
0.6 02042022 1939 37.470 118.823 8.5
1.1 02042022 1858 33.224 116.059 9.18
1 02042022 1858 38.823 122.767 2.27
-0.3 02042022 1854 39.617 119.845 1.8
0.5 02042022 1845 38.819 122.765 1.89
0.9 02042022 1822 38.817 122.764 1.78
1.4 02042022 1804 38.526 119.537 3.5
0.2 02042022 1800 38.784 122.756 1.17
0.7 02042022 1759 38.823 122.800 3.15
2.1 02042022 1747 38.154 117.981 10.8
0.5 02042022 1745 33.491 116.484 14.21
0.8 02042022 1745 33.488 116.482 15.16
0.5 02042022 1741 38.780 122.768 1.29
0.7 02042022 1735 33.587 116.806 7.66
1.6 02042022 1728 34.702 116.294 3.71
2.7 02042022 1725 36.798 120.746 4.67
1.1 02042022 1701 38.834 122.806 2.4
1.1 02042022 1658 38.160 117.894 11.1
1.2 02042022 1651 38.109 118.044 3.2
1.3 02042022 1646 38.121 117.830 8.2
0.5 02042022 1634 38.788 122.780 0.87
0.9 02042022 1607 38.909 122.897 3.13
1.4 02042022 1558 37.995 117.905 2.8
1.1 02042022 1545 36.662 116.269 8.1
0.9 02042022 1541 35.905 117.743 8.73
1 02042022 1508 38.822 122.800 2.04
0.9 02042022 1508 38.821 122.800 2.92
1.6 02042022 1508 38.774 122.717 1.71
1.5 02042022 1503 38.820 122.799 2.51
0.8 02042022 1445 33.489 116.488 14.7
0.9 02042022 1428 38.184 117.935 8.2
0.5 02042022 1422 38.817 122.760 1.89
1.8 02042022 1417 37.336 119.487 29.37
0.8 02042022 1358 33.136 116.473 13.16
0.6 02042022 1343 38.810 122.793 3.09
0.8 02042022 1336 38.810 122.793 3.12
0.7 02042022 1334 33.383 116.962 6.42
1.6 02042022 1322 33.993 116.989 16.21
1.2 02042022 1318 36.814 121.541 6
0.9 02042022 1302 38.809 122.737 2.7
0.2 02042022 1255 35.910 117.737 10.87
0.6 02042022 1255 36.067 117.851 4.37
-0.2 02042022 1254 38.789 122.778 1.34
0.1 02042022 1247 35.884 117.709 3.6
0.8 02042022 1228 33.372 116.837 10.22
1.6 02042022 1221 38.190 117.758 3.5
0.9 02042022 1211 36.066 117.854 4.29
0.5 02042022 1210 36.066 117.854 4.34
0.4 02042022 1203 33.652 116.693 17.08
0.7 02042022 1201 36.018 117.797 1.18
1.7 02042022 1158 37.900 121.838 13.37
0.6 02042022 1156 38.828 122.814 2.15
0.9 02042022 1146 38.798 122.751 1.5
0.6 02042022 1124 38.841 122.877 2.53
0.7 02042022 1110 33.666 116.731 16.77
1.7 02042022 1101 35.668 121.054 6.51
2.3 02042022 1058 33.037 116.376 12.52
0.8 02042022 1028 38.173 117.890 11.5
1.1 02042022 1027 36.627 116.850 6.8
1.3 02042022 1027 33.967 116.690 15.59
0.9 02042022 1017 38.786 122.759 2.04
1.2 02042022 1013 35.691 117.497 7.32
1.1 02042022 1000 36.559 121.073 7.15
1.4 02042022 0958 36.673 116.266 6.6
0.7 02042022 0956 38.835 122.816 1.74
1.2 02042022 0955 38.834 122.815 1.94
1.3 02042022 0951 34.998 119.096 7.5
0.1 02042022 0945 36.067 117.821 4.82
0.3 02042022 0945 36.067 117.826 4.68
0.4 02042022 0935 38.839 122.802 1.28
0.7 02042022 0921 33.702 116.719 17.77
1.3 02042022 0910 36.853 121.552 6.36
2.3 02042022 0858 38.167 117.798 12.3
1.4 02042022 0740 34.029 117.170 14.11
0.7 02042022 0735 35.905 117.742 8.61
2.3 02042022 0705 37.410 118.589 11.53
1.1 02042022 0654 37.408 118.589 11.66
1.9 02042022 0650 37.409 118.588 11.95
1 02042022 0641 33.171 116.011 3.3
0.8 02042022 0639 33.154 116.427 7.05
1.6 02042022 0636 37.409 118.588 11.49
2.1 02042022 0632 37.409 118.589 12.4
0.7 02042022 0556 35.914 117.679 7.7
0.9 02042022 0521 38.837 122.807 2.35
1.4 02042022 0519 37.408 118.606 5.03
1.9 02042022 0516 36.452 117.967 8.33
1 02042022 0515 33.854 116.822 16.3
0.9 02042022 0514 38.832 122.820 2.33
0.5 02042022 0514 38.203 117.883 10.2
1.7 02042022 0511 33.169 116.018 3.52
1.9 02042022 0507 38.626 119.823 1.85
1.1 02042022 0415 36.654 121.281 3.44
0.6 02042022 0354 35.881 117.695 9.46
1.8 02042022 0343 40.281 124.392 14.94
3.5 02042022 0331 41.045 123.510 33.39
0.7 02042022 0326 38.633 119.828 12.1
1.1 02042022 0315 38.819 122.764 1.97
1.6 02042022 0310 34.062 117.267 17.13
0.7 02042022 0300 38.820 122.808 3.11
